00000000
11111111
00000001
00011001
00000010
00110010
00011010
11000110
00000011
11011111
00110011
11101110
00011011
01101000
11000111
01001011
00000100
01100100
11100000
00001110
00110100
10001101
11101111
10000001
00011100
11000001
01101001
11111000
11001000
00001000
01001100
01110001
00000101
10001010
01100101
00101111
11100001
00100100
00001111
00100001
00110101
10010011
10001110
11011010
11110000
00010010
10000010
01000101
00011101
10110101
11000010
01111101
01101010
00100111
11111001
10111001
11001001
10011010
00001001
01111000
01001101
11100100
01110010
10100110
00000110
10111111
10001011
01100010
01100110
11011101
00110000
11111101
11100010
10011000
00100101
10110011
00010000
10010001
00100010
10001000
00110110
11010000
10010100
11001110
10001111
10010110
11011011
10111101
11110001
11010010
00010011
01011100
10000011
00111000
01000110
01000000
00011110
01000010
10110110
10100011
11000011
01001000
01111110
01101110
01101011
00111010
00101000
01010100
11111010
10000101
10111010
00111101
11001010
01011110
10011011
10011111
00001010
00010101
01111001
00101011
01001110
11010100
11100101
10101100
01110011
11110011
10100111
01010111
00000111
01110000
11000000
11110111
10001100
10000000
01100011
00001101
01100111
01001010
11011110
11101101
00110001
11000101
11111110
00011000
11100011
10100101
10011001
01110111
00100110
10111000
10110100
01111100
00010001
01000100
10010010
11011001
00100011
00100000
10001001
00101110
00110111
00111111
11010001
01011011
10010101
10111100
11001111
11001101
10010000
10000111
10010111
10110010
11011100
11111100
10111110
01100001
11110010
01010110
11010011
10101011
00010100
00101010
01011101
10011110
10000100
00111100
00111001
01010011
01000111
01101101
01000001
10100010
00011111
00101101
01000011
11011000
10110111
01111011
10100100
01110110
11000100
00010111
01001001
11101100
01111111
00001100
01101111
11110110
01101100
10100001
00111011
01010010
00101001
10011101
01010101
10101010
11111011
01100000
10000110
10110001
10111011
11001100
00111110
01011010
11001011
01011001
01011111
10110000
10011100
10101001
10100000
01010001
00001011
11110101
00010110
11101011
01111010
01110101
00101100
11010111
01001111
10101110
11010101
11101001
11100110
11100111
10101101
11101000
01110100
11010110
11110100
11101010
10101000
01010000
01011000
10101111
