11000111
00010100
11101101
11000110
01111100
01101111
01110010
01001110
10000010
10000010
11010001
11001011
10100100
01100000
11001111
10001000
01011001
11110000
11100000
10001100
10011111
10010110
00110101
01001101
01111000
00111011
11011000
00110001
00111001
00101011
00111010
01101111
01001111
11101100
01101110
00101111
11100111
11111010
01110000
00011100
01000010
01101000
10011000
01000011
10011010
10110110
00111000
00011110
01001011
01010001
01101100
10000010
00010101
01000011
11001101
00000111
11101101
10111010
01111101
10010100
00111100
01110101
11110110
10001011
10000101
00111011
01111101
10011111
10101101
01100101
01011110
11111100
00001001
11100010
11101001
11001011
00011001
01000011
01010101
10101110
00100010
10111000
00011011
10100111
01111110
11000111
10110111
11100111
11100100
01010101
10110010
00110010
00000111
10111110
10000000
01111010
11100111
10011100
10011110
11011100
11001110
10010011
00101110
00111101
11100010
00000111
01111101
00101010
11111010
10110110
10000000
01111000
00001111
10101110
00001010
00010010
10000101
00011000
11010001
11010001
10111000
00100110
10101000
10000100
11111001
10100110
11001100
01110100
01101110
11010011
00010101
00100010
00101100
01100100
11010100
11001101
00001111
01100110
10000110
01101010
10101000
10100000
01001010
01101110
00000011
11111011
00101010
00011011
01011111
00110010
01111101
01010110
11110011
11101011
00001101
10111100
01000100
01101100
10001100
11110001
01101010
11111011
01001101
10110011
10101010
10001010
10110010
10101010
00101101
00100000
11111111
00101011
00001000
10001111
11100001
10101011
00110000
01011110
01110101
11111011
00101000
11011011
10100101
01100000
00110000
01101101
01111011
00011110
00000001
00000001
00000001
00000001
00000001
00000001
00000001
00000001
00000001
00000001
00000001
00000001
00000001
00000001
00000001
00000001
00000001
00000001
00000001
00000001
00000001
00000001
00000001
00000001
00000001
00000001
00000001
00000001
00000001
00000001
00000001
00000001
00000001
00000001
00000001
00000001
00000001
00000001
00000001
00000001
00000001
00000001
00000001
00000001
00000001
00000001
00000001
00000001
00000001
00000001
00000001
11111010
10010100
01110000
11110011
10001100
00101111
11010100
10110110
01110001
00001100
10001110
00000110
11100011
01111010
11111010
01010111
UUUUUUUU
